0 -25.926333333333332 -8.997333333333332 34.559
1 -25.456666666666667 -5.546333333333333 22.435999999999996
2 -23.875 -4.585333333333334 32.946999999999996
3 -23.630666666666666 -10.135 23.391000000000002
4 -23.477666666666664 -10.124 30.278000000000002
5 -23.284666666666666 -2.025 26.176333333333332
6 -22.845666666666663 3.138 26.635333333333335
7 -22.680666666666667 -5.927333333333333 37.452999999999996
8 -22.433000000000003 14.110666666666667 27.75066666666667
9 -21.977333333333334 2.4293333333333336 21.332333333333334
10 -21.51266666666667 2.5833333333333335 31.479333333333333
11 -21.447000000000003 -4.9799999999999995 30.291
12 -21.388333333333332 9.181 23.977333333333334
13 -20.950999999999997 -2.0353333333333334 41.01233333333334
14 -20.643666666666668 -10.712333333333333 35.495000000000005
15 -20.400333333333332 6.188666666666666 29.096666666666664
16 -19.820333333333334 16.100333333333335 35.48633333333333
17 -19.783333333333335 18.407 26.214666666666663
18 -19.488 14.764000000000001 21.055333333333333
19 -19.290666666666667 -14.257 25.94633333333333
20 -19.279666666666667 6.200333333333333 39.25266666666666
21 -18.814 9.300666666666666 35.69466666666666
22 -18.80966666666667 11.183999999999997 30.08866666666667
23 -18.775333333333336 -13.978 32.342666666666666
24 -18.543333333333333 -9.421666666666667 22.427333333333337
25 -18.403000000000002 -0.2809999999999999 20.088333333333335
26 -18.176999999999996 23.254 23.314333333333334
27 -17.881 -5.569333333333333 39.40233333333333
28 -16.248333333333335 21.88966666666667 28.985333333333333
29 -16.243666666666666 -9.065 33.327333333333335
30 -15.444999999999999 10.652333333333333 44.446333333333335
31 -15.341000000000001 -5.7090000000000005 17.628666666666664
32 -15.210999999999999 6.8563333333333345 20.41133333333333
33 -14.931 17.58966666666667 18.336666666666662
34 -14.620666666666667 24.513666666666666 19.392
35 -14.009 0.15933333333333333 44.04233333333334
36 -13.655999999999999 1.289 19.495
37 -13.485999999999999 5.092 42.96566666666667
38 -13.371 -6.323333333333333 39.733
39 -13.226999999999999 -5.254999999999999 32.80166666666667
40 -13.201 9.151333333333332 16.201333333333334
41 -13.036333333333333 -14.232333333333335 24.577333333333332
42 -12.487666666666668 -10.884333333333332 19.286666666666665
43 -12.368666666666668 -13.272 31.871333333333336
44 -12.125 17.079333333333334 31.480666666666668
45 -12.002666666666665 14.636000000000001 15.518333333333333
46 -10.971666666666666 5.432666666666667 48.362
47 -10.737 18.843666666666667 12.672333333333334
48 -10.687333333333333 15.418 39.891999999999996
49 -10.610999999999999 -9.796666666666667 33.97533333333333
50 -10.327666666666667 0.513 48.11833333333333
51 -10.129666666666667 -2.8076666666666665 42.42666666666667
52 -10.056 25.403666666666666 13.576666666666668
53 -9.670666666666667 -3.0223333333333335 15.15933333333333
54 -9.668 24.034000000000002 8.329333333333333
55 -9.578666666666665 23.711 28.105333333333334
56 -9.193666666666667 14.403333333333334 34.037
57 -9.067 14.233333333333334 8.569
58 -8.756333333333332 4.955333333333333 16.373
59 -8.703333333333333 24.115 20.022666666666666
60 -8.69 10.597333333333333 47.75966666666667
61 -8.542333333333334 -7.904333333333334 38.104000000000006
62 -8.385 9.886333333333333 37.692
63 -8.204666666666666 3.7243333333333326 53.12299999999999
64 -8.029333333333334 -3.8806666666666665 37.26133333333333
65 -7.671666666666667 7.953333333333333 44.06233333333333
66 -7.6546666666666665 10.319 12.162333333333335
67 -7.639 -9.229999999999999 16.275333333333336
68 -7.326333333333333 -2.781333333333334 51.812000000000005
69 -6.8629999999999995 7.737666666666666 3.9423333333333335
70 -6.681 -13.714666666666666 38.03033333333334
71 -6.653333333333333 -4.233333333333333 46.89966666666667
72 -6.163333333333334 -9.493666666666668 47.591
73 -5.596 20.105666666666668 25.528666666666666
74 -5.213333333333334 18.194666666666667 4.7860000000000005
75 -5.084333333333333 -7.007666666666666 43.946666666666665
76 -5.008333333333334 -5.780333333333334 54.562333333333335
77 -4.784666666666666 3.847 26.50033333333333
78 -4.779 19.59 34.904333333333334
79 -4.703666666666666 -3.736 40.697
80 -4.697666666666667 -2.760666666666667 22.14933333333333
81 -4.521333333333334 -11.513 41.160333333333334
82 -4.4959999999999996 -13.059666666666667 26.915666666666667
83 -4.202000000000001 9.366 47.34766666666667
84 -3.9326666666666665 14.627 39.20066666666667
85 -3.898666666666667 -12.262 32.71099999999999
86 -3.8853333333333335 0.29333333333333333 54.67400000000001
87 -3.711 6.4046666666666665 53.77033333333333
88 -3.6966666666666668 -12.843666666666666 20.655
89 -3.669333333333334 7.348333333333334 9.456666666666665
90 -3.5519999999999996 2.343 16.957333333333334
91 -3.532666666666666 -3.073 35.97866666666667
92 -3.457333333333333 14.130333333333333 22.891000000000002
93 -3.165333333333333 8.679 18.39333333333333
94 -3.018333333333333 19.635333333333335 19.040666666666667
95 -3.015333333333334 6.8246666666666655 41.04
96 -2.9616666666666664 24.165333333333333 7.882000000000001
97 -1.9606666666666666 -8.626666666666667 24.436333333333334
98 -1.8243333333333334 4.512333333333333 5.949333333333333
99 -1.816 16.915333333333333 28.924333333333333
100 -1.3286666666666667 7.487666666666667 13.934
101 -1.2463333333333335 14.201333333333332 33.699999999999996
102 -1.1413333333333333 4.922666666666667 23.281666666666666
103 -1.0233333333333334 9.215 24.570333333333334
104 -0.8626666666666667 -7.5986666666666665 42.129333333333335
105 -0.6406666666666666 14.809 48.88666666666666
106 -0.5556666666666666 9.790333333333335 44.72866666666667
107 -0.5446666666666667 -8.382666666666667 29.64
108 -0.5433333333333333 27.755333333333336 12.579333333333333
109 -0.25 -13.863666666666667 40.87733333333333
110 0.09899999999999998 13.387333333333332 25.444666666666667
111 0.5263333333333334 -11.644666666666666 48.85633333333334
112 1.0806666666666667 11.420333333333332 21.276666666666667
113 1.421 8.720333333333334 39.24433333333334
114 1.532 11.456000000000001 -0.115
115 1.5776666666666666 -3.221 29.289666666666665
116 1.8739999999999999 17.337333333333333 2.1936666666666667
117 2.15 6.786333333333334 25.467333333333332
118 2.3966666666666665 3.5836666666666663 0.7493333333333334
119 2.4103333333333334 11.564 17.625666666666667
120 2.5260000000000002 5.713666666666666 8.974666666666666
121 2.532 2.8663333333333334 56.419999999999995
122 2.671333333333333 25.240333333333336 11.481333333333334
123 2.861 6.726333333333334 50.474
124 2.99 5.522666666666667 5.857333333333333
125 3.170666666666667 25.617333333333335 18.152
126 3.422333333333333 11.662666666666667 34.746
127 3.6839999999999997 -12.777000000000001 33.31366666666667
128 3.8480000000000003 15.224333333333334 25.736
129 3.854333333333333 24.056 7.431666666666666
130 3.9599999999999995 12.016333333333334 14.287333333333335
131 3.969 -0.5066666666666667 24.551333333333332
132 4.0249999999999995 6.896000000000001 13.870333333333335
133 4.081333333333333 -13.459666666666665 37.92766666666667
134 4.091666666666666 9.561333333333332 23.549666666666667
135 4.094 20.865333333333336 11.833
136 4.163333333333333 8.512333333333332 30.116666666666664
137 4.205333333333333 -7.6000000000000005 32.19166666666667
138 4.296666666666667 2.4653333333333336 42.98066666666667
139 4.703 19.797 19.039666666666665
140 4.851333333333333 -2.3943333333333334 54.797
141 5.035 11.284 8.770000000000001
142 5.041999999999999 1.431 4.774333333333334
143 5.222333333333333 11.461666666666668 47.55166666666667
144 5.3389999999999995 21.871 -2.811
145 5.353666666666666 22.651999999999997 3.014666666666667
146 5.586333333333333 27.587333333333333 -4.578333333333333
147 5.618666666666667 -12.857999999999999 42.51566666666667
148 5.9433333333333325 3.216666666666667 10.464333333333334
149 6.282666666666667 18.868666666666666 28.977999999999998
150 6.296333333333333 14.618666666666668 18.766000000000002
151 6.3196666666666665 -12.472333333333333 28.432333333333332
152 6.433333333333333 10.786666666666667 38.85366666666667
153 6.688 29.158666666666665 14.514333333333333
154 6.978333333333334 26.02333333333333 0.46599999999999997
155 6.981999999999999 1.3856666666666666 20.640666666666664
156 7.135000000000001 -3.454 4.626333333333333
157 7.245 12.250666666666666 -3.489333333333333
158 7.353666666666666 22.18133333333333 -8.710333333333333
159 7.7203333333333335 32.281333333333336 -0.75
160 7.928333333333335 -7.331666666666667 49.73933333333334
161 7.999666666666667 24.354666666666663 13.080333333333334
162 8.078999999999999 9.65933333333333 42.168
163 8.176333333333334 2.478666666666667 0.6656666666666666
164 8.489666666666666 23.875333333333334 9.399
165 8.579333333333333 7.4430000000000005 12.668666666666667
166 8.714 9.247 32.63333333333333
167 8.734 6.035666666666667 28.54733333333333
168 8.883333333333335 24.654666666666667 4.769666666666667
169 9.210666666666667 -1.4286666666666665 26.620666666666665
170 9.423666666666668 0.319 49.507000000000005
171 9.442 11.46 16.950666666666667
172 9.505666666666666 -2.798666666666667 10.284333333333334
173 9.634666666666666 6.002333333333333 -5.548666666666667
174 9.825333333333333 10.156666666666666 23.533
175 9.915000000000001 34.693666666666665 2.483
176 9.937333333333333 11.26 37.651
177 9.945 -5.395 31.269000000000002
178 9.947666666666665 -13.211333333333334 36.88366666666667
179 10.674333333333331 28.064333333333337 7.0680000000000005
180 11.367666666666667 23.507333333333335 17.580666666666666
181 11.589999999999998 6.962666666666667 47.66866666666667
182 11.618666666666668 17.907333333333334 -3.565
183 11.83 1.4829999999999999 -5.5986666666666665
184 11.871666666666664 -9.858666666666666 41.538333333333334
185 12.07 10.075666666666667 28.342000000000002
186 12.126 3.452666666666667 10.204666666666666
187 12.506 0.3996666666666666 -0.7070000000000002
188 12.558333333333335 15.985999999999999 20.68733333333333
189 12.889666666666665 -12.313666666666668 32.53333333333333
190 12.975 30.28333333333333 -7.767
191 13.040000000000001 10.82 -3.3160000000000003
192 13.149333333333333 31.91 9.515333333333333
193 13.274666666666667 -1.689 28.325666666666667
194 13.449 -5.1513333333333335 46.154666666666664
195 13.744666666666667 14.137 38.47933333333333
196 13.919666666666666 31.834666666666667 15.578999999999999
197 13.958666666666666 11.925666666666666 33.01533333333334
198 14.031333333333334 34.456 -3.6359999999999997
199 14.319666666666668 -1.4356666666666669 13.909666666666666
200 14.758000000000001 7.690333333333334 22.640666666666664
201 14.772333333333334 11.763 12.755000000000003
202 14.896 14.648333333333333 -1.585
203 14.991999999999999 -0.33699999999999997 23.056
204 15.31 4.772666666666667 26.27866666666667
205 15.535000000000002 18.851666666666667 0.7283333333333334
206 15.539666666666667 27.86366666666667 -3.596
207 15.612333333333334 -0.7293333333333333 4.913333333333333
208 15.729333333333335 19.991000000000003 23.209999999999997
209 15.775999999999998 38.45433333333333 3.818
210 16.093 15.003 27.26766666666667
211 16.643 -4.772333333333333 27.798333333333332
212 16.71066666666667 -0.45933333333333337 -5.193666666666666
213 16.840333333333334 9.318666666666667 29.62
214 16.964000000000002 5.528333333333333 16.12633333333333
215 16.981333333333332 -12.886000000000001 38.50966666666667
216 17.29 23.737333333333336 4.125333333333334
217 17.38233333333333 3.7463333333333337 20.473333333333333
218 17.391000000000002 10.586666666666668 35.49633333333333
219 17.689666666666668 40.25966666666667 -2.0189999999999997
220 17.805333333333333 25.584333333333333 -2.155
221 17.936333333333334 5.005333333333334 -3.4026666666666667
222 18.034666666666666 24.442999999999998 -6.06
223 18.358 26.729666666666663 15.441666666666665
224 18.48566666666667 7.683666666666667 40.861333333333334
225 19.078333333333333 1.3816666666666666 43.086999999999996
226 19.206000000000003 -3.862666666666667 -0.645
227 19.393333333333334 35.11066666666667 7.772333333333333
228 19.514666666666667 -3.979333333333333 19.929000000000002
229 19.543000000000003 34.679 15.045333333333332
230 19.66933333333333 8.727333333333334 21.102
231 19.689666666666668 -8.273000000000001 31.794666666666668
232 19.766666666666666 -0.39700000000000024 34.20633333333333
233 19.86066666666667 12.248 -2.8976666666666664
234 20.147333333333332 0.05533333333333331 -7.039666666666666
235 20.37933333333333 25.53333333333333 18.878666666666664
236 20.507333333333335 30.009333333333334 14.0
237 20.595 37.665 1.1873333333333334
238 20.672 4.649 18.053333333333335
239 20.814999999999998 1.7090000000000003 7.002333333333333
240 21.051 21.152666666666665 23.908666666666665
241 21.369333333333334 6.409333333333333 -7.436
242 21.520333333333337 9.25 13.359333333333334
243 21.656666666666666 4.443666666666667 10.351999999999999
244 22.119333333333334 -1.4169999999999998 23.346666666666668
245 22.203000000000003 -4.139666666666667 45.519000000000005
246 22.373666666666665 23.531666666666666 -0.545
247 22.493 20.268 29.244333333333334
248 22.61966666666667 23.038666666666668 -6.3133333333333335
249 22.66033333333333 40.019666666666666 7.297
250 22.796000000000003 37.089333333333336 13.255
251 22.911999999999995 -6.151666666666666 39.435
252 23.048999999999996 -3.046666666666667 29.074
253 23.090333333333334 12.616666666666667 29.595666666666663
254 23.27666666666667 17.662666666666667 0.3766666666666667
255 23.522666666666666 30.578666666666663 -6.152666666666666
256 23.575666666666667 26.674333333333333 23.50533333333333
257 23.737 20.965 18.051333333333332
258 23.765 12.838999999999999 10.541666666666666
259 24.066666666666666 2.6750000000000003 26.535666666666668
260 25.288333333333338 18.212 5.26
261 25.909999999999997 9.199 14.786999999999999
262 26.096333333333334 -0.03400000000000001 7.614999999999999
263 26.101333333333333 36.669999999999995 3.1999999999999997
264 26.199666666666662 32.72133333333334 18.409000000000002
265 26.21533333333333 12.107333333333335 -2.857333333333333
266 26.316333333333333 4.6113333333333335 10.181666666666667
267 26.444333333333333 24.927333333333337 -1.0210000000000001
268 26.602666666666664 1.952 38.43966666666667
269 26.611666666666668 2.535 31.24166666666667
270 27.257666666666665 -1.6356666666666664 1.0056666666666667
271 27.362666666666666 10.591666666666667 9.607333333333335
272 27.45 21.312 23.523666666666667
273 27.822666666666667 7.515000000000001 0.36966666666666664
274 28.11366666666667 7.052 21.14966666666667
275 28.224666666666668 17.391333333333332 25.407666666666668
276 28.302999999999997 7.461666666666666 31.66433333333333
277 28.441333333333333 30.579333333333334 -5.999666666666666
278 29.396666666666665 22.439333333333337 5.545999999999999
279 29.596666666666664 17.514 13.581999999999999
280 29.695666666666668 15.000333333333336 28.295333333333332
281 29.942333333333334 15.615 7.751
282 30.29733333333333 3.7976666666666667 7.203666666666667
283 30.310000000000002 28.173333333333332 10.564333333333332
284 30.421333333333337 36.997 13.347
285 30.964333333333332 12.492333333333333 16.755666666666666
286 30.991333333333333 27.339333333333332 19.682666666666666
287 31.328000000000003 18.697666666666667 20.974
288 31.94633333333333 22.179000000000002 11.270666666666665
289 32.44466666666666 11.097333333333333 7.6706666666666665
290 32.467 20.886 29.563666666666666
291 32.54666666666667 19.345 17.956
292 32.806000000000004 9.804 25.343999999999998
293 37.33566666666666 18.277 20.789666666666665
294 38.900666666666666 24.500333333333334 24.021
