0 -41.306666666666665 -58.012 20.532666666666668
1 -39.13833333333333 -47.703 22.233666666666664
2 -37.62433333333333 -54.60833333333334 22.874666666666666
3 -36.856 -33.571333333333335 28.127666666666666
4 -36.43666666666667 -51.26133333333333 20.227333333333334
5 -36.21066666666667 -46.315 19.235
6 -36.196333333333335 -55.617 14.991999999999999
7 -35.969 -58.24866666666667 19.284666666666666
8 -35.387 -41.707 26.49833333333333
9 -35.14566666666666 -36.42033333333333 24.21966666666667
10 -34.87966666666666 -41.952 21.479
11 -34.38966666666667 -43.71733333333333 31.373333333333335
12 -34.155333333333324 -48.12166666666666 25.891000000000002
13 -32.942 -49.355 15.550333333333333
14 -32.85466666666667 -37.51333333333333 28.589
15 -32.22966666666667 -34.47366666666667 19.81533333333333
16 -32.166000000000004 -54.001666666666665 20.74866666666667
17 -31.846666666666664 -40.41733333333334 17.430666666666667
18 -31.828999999999997 1.5963333333333332 50.157000000000004
19 -31.26433333333333 -48.709333333333326 30.534333333333333
20 -30.679000000000002 -2.7403333333333335 60.829
21 -30.601 -38.69466666666667 33.89433333333333
22 -30.517666666666667 4.259666666666667 45.196333333333335
23 -29.477333333333334 -14.327333333333334 48.83566666666667
24 -29.476666666666663 -55.724 13.759666666666666
25 -29.22 -29.917 23.195999999999998
26 -29.215666666666667 1.123 55.679
27 -29.01133333333333 -46.824333333333335 14.272
28 -28.699333333333332 -2.4953333333333334 49.74700000000001
29 -28.637666666666664 -7.328 51.823
30 -28.591333333333335 -34.30566666666667 30.718333333333334
31 -28.298000000000002 6.147666666666667 40.349999999999994
32 -28.236 -9.643666666666666 46.66933333333333
33 -28.123666666666665 -53.952666666666666 17.147000000000002
34 -28.094666666666665 -44.383 33.23
35 -27.879 -52.60966666666667 26.22266666666667
36 -27.761666666666667 -28.811666666666667 35.422000000000004
37 -27.520666666666667 -1.9706666666666666 45.57066666666666
38 -26.885 4.406333333333333 52.318999999999996
39 -26.656333333333333 -51.937999999999995 32.35433333333334
40 -26.325333333333333 -52.74166666666667 20.734333333333336
41 -26.240333333333336 -14.616333333333335 43.81333333333333
42 -25.723 -41.068333333333335 26.170666666666666
43 -25.682666666666666 -37.297 36.288666666666664
44 -25.256333333333334 -7.361666666666667 58.413999999999994
45 -25.16033333333333 6.052 57.419000000000004
46 -24.855666666666668 -33.171 18.921000000000003
47 -24.586 -9.418333333333335 41.812000000000005
48 -24.505666666666666 -36.98333333333333 42.120666666666665
49 -24.104333333333333 -38.23766666666667 18.088333333333335
50 -24.063333333333333 10.109 53.034
51 -23.689333333333334 -14.819 51.93133333333333
52 -23.395999999999997 -55.10066666666666 28.724333333333334
53 -23.322000000000003 -47.72933333333333 35.62466666666667
54 -23.231666666666666 -48.74166666666667 15.146333333333333
55 -23.165000000000003 0.18700000000000003 41.332
56 -23.013666666666666 -31.80933333333333 38.660333333333334
57 -22.887 -28.961666666666662 27.043666666666667
58 -22.768999999999995 -20.563333333333333 45.89333333333334
59 -22.625333333333334 -41.894 37.464666666666666
60 -22.445999999999998 8.832666666666666 61.62733333333333
61 -22.292999999999996 -17.845333333333333 40.48566666666667
62 -22.237666666666666 -30.086333333333332 42.774
63 -22.232 -54.81733333333333 12.959333333333333
64 -21.839 -14.319666666666668 57.946
65 -21.81866666666667 -21.942666666666668 41.89233333333333
66 -21.572666666666663 -51.945 24.030666666666665
67 -21.542999999999996 -33.99766666666667 46.01333333333333
68 -21.325333333333337 -8.937666666666667 60.184000000000005
69 -21.30666666666667 -24.303 36.13366666666666
70 -20.982333333333333 5.710666666666666 49.934000000000005
71 -20.96966666666667 3.86 42.937000000000005
72 -20.663 -21.43466666666667 53.00266666666666
73 -20.65833333333333 -25.523 49.10366666666666
74 -20.575999999999997 -22.782 46.422333333333334
75 -20.561 0.503 58.657999999999994
76 -20.352666666666664 -8.325 40.577
77 -19.778666666666666 -17.367 49.400000000000006
78 -19.717 -4.881333333333334 64.83033333333334
79 -19.685666666666666 -44.10233333333334 17.279666666666667
80 -19.37533333333333 -27.334333333333333 53.90633333333333
81 -19.35333333333333 -33.58433333333333 51.04866666666667
82 -19.23633333333333 5.850333333333334 59.870000000000005
83 -18.99266666666667 -27.671000000000003 34.983666666666664
84 -18.459333333333337 -10.176666666666668 62.98533333333334
85 -18.419999999999998 -50.54 20.592
86 -18.347666666666665 -19.26366666666667 34.897
87 -18.189333333333334 -3.0546666666666664 48.22133333333333
88 -17.90833333333333 -51.967000000000006 12.970999999999998
89 -17.887666666666664 -12.161333333333333 35.464333333333336
90 -17.856333333333335 -50.062333333333335 34.35333333333333
91 -17.632666666666665 -29.251 45.51733333333333
92 -17.562 -21.830000000000002 47.294999999999995
93 -17.529666666666667 0.6310000000000001 42.320666666666675
94 -17.295333333333335 -37.904333333333334 19.547666666666668
95 -16.83866666666667 4.230666666666667 62.53966666666667
96 -16.646333333333335 -43.43333333333334 41.14366666666667
97 -16.486333333333334 -21.85066666666667 54.623
98 -16.473333333333333 3.5356666666666663 51.923
99 -16.304 -32.976 22.700999999999997
100 -16.208666666666666 -17.674666666666667 44.96766666666667
101 -16.040000000000003 -19.142333333333333 30.354666666666663
102 -15.778666666666666 -5.657 40.75566666666666
103 -15.765 -27.307333333333332 31.903999999999996
104 -15.177333333333332 6.664999999999999 54.961999999999996
105 -15.170333333333332 4.896333333333334 43.718333333333334
106 -15.02833333333333 -28.301 40.75233333333333
107 -14.827999999999998 -39.02166666666667 43.77733333333333
108 -14.818333333333335 -36.217000000000006 53.492
109 -14.701333333333332 -30.570666666666664 54.184
110 -14.700000000000001 -46.03933333333333 18.579333333333334
111 -14.421333333333335 -1.4233333333333331 66.10766666666667
112 -14.186 -15.716666666666669 55.81233333333333
113 -13.663666666666666 -39.516333333333336 51.403
114 -13.079 -44.343999999999994 34.89633333333333
115 -12.952 -48.94766666666667 28.685000000000002
116 -12.663666666666666 -8.315333333333333 60.436
117 -12.643 -0.4323333333333333 47.10366666666667
118 -12.116 -36.73500000000001 55.62466666666666
119 -11.954333333333333 -12.25 31.349
120 -11.877666666666665 -46.87133333333333 23.747
121 -11.636000000000001 -44.56633333333334 40.124
122 -11.305666666666667 0.24333333333333332 60.99733333333334
123 -11.054666666666668 -0.07566666666666667 53.487
124 -10.941666666666668 -31.54466666666667 24.805333333333333
125 -10.597666666666667 -6.869 51.223333333333336
126 -10.520000000000001 -41.266 24.207000000000004
127 -10.481 -24.44066666666667 53.620000000000005
128 -10.266333333333334 -29.444999999999997 29.919
129 -10.241333333333335 -5.511666666666667 39.19833333333333
130 -9.999666666666666 -21.783666666666665 28.509
131 -9.486666666666666 -22.399333333333335 38.98233333333334
132 -9.255 -11.569 38.982
133 -9.073333333333332 -10.658666666666667 59.113
134 -8.967 -33.135 57.56433333333333
135 -8.923666666666666 -40.137 39.833666666666666
136 -8.671666666666667 -16.615 52.04
137 -8.411 -23.599 32.308
138 -8.389666666666667 -29.292333333333335 45.64033333333333
139 -8.366999999999999 -44.728 27.37333333333333
140 -7.677666666666667 -36.24766666666667 25.224999999999998
141 -7.528666666666667 -0.66 57.814
142 -7.312 -19.69 33.777
143 -7.025666666666666 -33.667 48.252
144 -6.455666666666667 -47.13133333333334 31.852999999999998
145 -6.212 -28.136666666666667 41.413333333333334
146 -6.044333333333333 -28.624666666666666 31.772000000000002
147 -5.989666666666667 -25.97566666666667 35.806333333333335
148 -5.8133333333333335 -40.469 34.358000000000004
149 -5.737666666666667 -37.242333333333335 51.40733333333333
150 -5.554333333333333 -14.748333333333335 36.93666666666667
151 -5.381 -11.874 44.321000000000005
152 -5.278333333333333 -23.015 48.722
153 -5.206666666666667 -22.097333333333335 38.67766666666667
154 -4.132666666666666 -35.830000000000005 29.671666666666667
155 -3.946 -42.24633333333333 27.558333333333337
156 -3.468666666666666 -19.526333333333334 42.77866666666666
157 -3.4013333333333335 -34.35466666666667 38.935
158 -2.5243333333333333 -14.367666666666667 49.393
159 -2.065666666666667 -34.14433333333333 49.812000000000005
